px=0.34711
py=0.532728
-1,0,px,py,1,0,px,py,0,0,-2*px,-2*py

px=0.080584
py=0.588836
S_J_E(1,0,px,py,-1,0,px,py,0,0,-2*px,-2*py)

px=0.083300
py=0.127889
S_J_E(1,0,px,py,-1,0,px,py,0,0,-2*px,-2*py)


